1.390185479780854827e+01
3.033448550031814683e+00
2.752286567016787533e+00
2.656001582022865293e+00
2.593305208061170930e+00
2.539740282361730994e+00
2.489078261615607968e+00
2.439408137224943651e+00
2.390089215026078406e+00
2.340904016676573107e+00
2.291789582483166665e+00
2.242744965600917073e+00
2.193797333728853882e+00
2.144988604485112749e+00
2.096369477225719535e+00
2.047996165041163774e+00
1.999928135915147953e+00
1.952226276004763950e+00
1.904951297351568762e+00
1.858162358771124234e+00
1.811915912627081626e+00
1.766264793810403244e+00
1.721257555994122335e+00
1.676938045352084572e+00
1.633345188631723399e+00
1.590512963047900463e+00
1.548470510562641289e+00
1.507242358394744075e+00
1.466848710181750670e+00
1.427305777002585874e+00
1.388626123398267076e+00
1.350819009712002750e+00
1.313890717861643687e+00
1.277844852656450314e+00
1.242682614788496176e+00
1.208403044640072421e+00
1.175003238132246386e+00
1.142478537135842132e+00
1.110822697637114942e+00
1.080028039056951883e+00
1.050085578008018050e+00
1.020985149458546459e+00
9.927155178477748976e-01
9.652644802354033438e-01
9.386189631135047895e-01
9.127651140943587871e-01
8.876883893285624216e-01
8.633736372114765301e-01
8.398051787026915571e-01
8.169668844084373438e-01
2.765909178387937484e-02
