9.779284769618632467e+00
4.179958911953550071e+00
3.212628089564451006e+00
2.781939232574513809e+00
2.521983696361398852e+00
2.317483164400498286e+00
2.140868130341873954e+00
1.984310588985534585e+00
1.844338086451177583e+00
1.718717435254833781e+00
1.605697625090467762e+00
1.503788222428892540e+00
1.411693541447843314e+00
1.328286516684635821e+00
1.252585864633001478e+00
1.183731285334008509e+00
1.120961515703425393e+00
1.063599520962807521e+00
1.011044783556032556e+00
9.627693681274921422e-01
9.183140418425476126e-01
8.772823295082270434e-01
8.393323255945464023e-01
8.041673595907681271e-01
7.715269910867805780e-01
7.411794933070364744e-01
7.129163281032782074e-01
6.865484872314184805e-01
6.619042068756147978e-01
6.388274911054411254e-01
6.171770013305254432e-01
5.968250494395513917e-01
5.776565842351086832e-01
5.595681544049053713e-01
5.424668735082945892e-01
5.262694221302973707e-01
5.109011162768259950e-01
4.962950599135952379e-01
4.823913885516624700e-01
4.691366018603403409e-01
4.564829767179175435e-01
4.443880476090862897e-01
4.328141385444578826e-01
4.217279295930685956e-01
4.111000417449200417e-01
4.009046262801188587e-01
3.911189491179150601e-01
3.817229664558676183e-01
3.726988946794457802e-01
3.640307839412161850e-01
